01 02 03 04 05 06 07 08 09 10 11 13 15 16 20 
01 02 03 04 05 06 07 08 09 10 11 13 15 16 21 
01 02 03 04 05 06 07 08 09 10 11 13 15 16 22 
01 02 03 04 05 06 07 08 09 10 11 13 15 16 23 
01 02 03 04 05 06 07 08 09 10 11 13 15 16 24 
01 02 03 04 05 06 07 08 09 10 11 13 15 16 25 
01 02 03 04 05 06 07 08 09 10 11 13 15 17 18 
01 02 03 04 05 06 07 08 09 10 11 13 15 17 19 
01 02 03 04 05 06 07 08 09 10 11 13 15 17 20 
01 02 03 04 05 06 07 08 09 10 11 13 15 17 21 
01 02 03 04 05 06 07 08 09 10 11 13 15 17 22 
01 02 03 04 05 06 07 08 09 10 11 13 15 17 23 
01 02 03 04 05 06 07 08 09 10 11 13 15 17 24 
01 02 03 04 05 06 07 08 09 10 11 13 15 17 25 
01 02 03 04 05 06 07 08 09 10 11 13 15 18 19 
01 02 03 04 05 06 07 08 09 10 11 13 15 18 20 
01 02 03 04 05 06 07 08 09 10 11 13 15 18 21 
01 02 03 04 05 06 07 08 09 10 11 13 15 18 22 
01 02 03 04 05 06 07 08 09 10 11 13 15 18 23 
01 02 03 04 05 06 07 08 09 10 11 13 15 18 24 
01 02 03 04 05 06 07 08 09 10 11 13 15 18 25 
01 02 03 04 05 06 07 08 09 10 11 13 15 19 20 
01 02 03 04 05 06 07 08 09 10 11 13 15 19 21 
01 02 03 04 05 06 07 08 09 10 11 13 15 19 22 
01 02 03 04 05 06 07 08 09 10 11 13 15 19 23 
01 02 03 04 05 06 07 08 09 10 11 13 15 19 24 
01 02 03 04 05 06 07 08 09 10 11 13 15 19 25 
01 02 03 04 05 06 07 08 09 10 11 13 15 20 21 
01 02 03 04 05 06 07 08 09 10 11 13 15 20 22 
01 02 03 04 05 06 07 08 09 10 11 13 15 20 23 
